-1.8586958612998598e9
-1.910654776642421e9
-1.6554240794155552e9
-1.1008784054503622e9
-3.0493385686584353e8
6.284689672871243e8
1.561406827843184e9
2.340933306554804e9
2.822584285428172e9
2.895048088610133e9
2.502058770264612e9
1.6576021160175416e9
4.5120511456486315e8
-9.586316936425451e8
-2.3630514717824593e9
-3.5317329451344943e9
-4.248397185531013e9
-4.347788494300738e9
-3.748198928898665e9
-2.473711913595915e9
-6.614190455154637e8
1.449160043189534e9
3.544584280139885e9
5.281114854073437e9
6.337863942144544e9
6.471725737952706e9
5.565249405604785e9
3.658859350543783e9
9.605156977337352e8
-2.171092784707586e9
-5.269779952996672e9
-7.827125745863699e9
-9.371310285080563e9
-9.547966076408484e9
-8.18999228063513e9
-5.363767592668503e9
-1.3818072365541553e9
3.223581843016749e9
7.765237321078451e9
1.1497884820563364e10
1.3734009098405588e10
1.396177701459431e10
1.1945908956611073e10
7.793305575795903e9
1.969224019296772e9
-4.743491172454222e9
-1.1341019399509785e10
-1.6740658745733267e10
-1.994958895765456e10
-2.023529753923386e10
-1.7269976365293987e10
-1.1222790282772459e10
-2.779944523924617e9
6.917630231191918e9
1.6416651965800903e10
2.415828401227545e10
2.8721702672296257e10
2.9068161099110203e10
2.4745777723288403e10
1.6017961636403057e10
3.8873918217660103e9
-9.99809349038856e9
-2.3553326724118294e10
-3.4554019513909035e10
-4.098510222540529e10
-4.138706119753994e10
-3.5143683660837746e10
-2.2659002087206055e10
-5.384539935799653e9
1.4321165890915852e10
3.3493082485841976e10
4.898577927890475e10
5.79670868587368e10
5.840508867464786e10
4.946867195249427e10
3.1768836206863552e10
7.3874215725409775e9
-2.033019762212107e10
-4.720556594306402e10
-6.883042130519917e10
-8.125994848601482e10
-8.169130896866652e10
-6.901603523439958e10
-4.414572904524586e10
-1.0038664242267126e10
2.860273478002482e10
6.5942674293585335e10
9.585831665563718e10
1.129044936688506e11
1.1325049089985083e11
9.54347491338927e10
6.07998919504404e10
1.3510805989638483e10
-3.988199962744636e10
-9.130092791708745e10
-1.3231775923627672e11
-1.5548393874285565e11
-1.5561211494949442e11
-1.3079761641639804e11
-8.299339130852417e10
-1.800905801390077e10
5.5112530738528114e10
1.2529078978101201e11
1.8102787461131863e11
2.122264290284265e11
2.1192675856315466e11
1.7767645411825208e11
1.1228213640130768e11
2.377309479383288e10
-7.547940802979681e10
-1.7041132566132584e11
-2.454775334186946e11
-2.871131161836275e11
-2.860666762467626e11
-2.3921955341008124e11
-1.5055810441879095e11
-3.1077370886414074e10
1.024499953889733e11
2.2972758641564487e11
3.2992638020157135e11
3.849871563806517e11
3.827258856471198e11
3.1922744020472504e11
2.0008926374831375e11
4.02293977984651e10
-1.3781653828290497e11
-3.0694691136160754e11
-4.3950248902646985e11
-5.1165721565349805e11
-5.075133920031329e11
-4.222216485198033e11
-2.635539168404338e11
-5.156537689404381e10
1.8373727163233096e11
4.064890467072575e11
5.802894255733662e11
6.739871766787639e11
6.670314249050596e11
5.534998687929513e11
3.440654544886537e11
6.544258931060732e10
-2.4277295582783557e11
-5.335436211752854e11
-7.593937439658356e11
-8.799618668022552e11
-8.689288572055419e11
-7.191695622791399e11
-4.4518286512867615e11
-8.222800568173926e10
3.179150146957204e11
6.941072307023119e11
9.84982329743834e11
1.138716948618531e12
1.1219185011759287e12
9.261510835632303e11
5.709018623566295e11
1.0228271005868587e11
-4.1260076508087305e11
-8.949912947455995e11
-1.2662777113469556e12
-1.4605198505846567e12
-1.4357459420000938e12
-1.1821406943715781e12
-7.256212791394521e11
-1.2594194327858353e11
5.3071068669853784e11
1.1437911237577256e12
1.6134987250810237e12
1.8566880142579116e12
1.8210972075412197e12
1.4955237660519827e12
9.140795299998219e11
1.534908648947384e11
-6.765423790984883e11
-1.4488064625230793e12
-2.0377339721827532e12
-2.3394310565317124e12
-2.289433125419177e12
-1.8752291369770593e12
-1.1412565586231057e12
-1.8513650542202756e11
8.547558923988213e11
1.8189043303014988e12
2.5507365847059233e12
2.9216049358613774e12
2.85273990380509e12
2.3305171749264956e12
1.4122378452890461e12
2.2097681790678137e11
-1.0702855992218082e12
-2.263316430641854e12
-3.1646311195697295e12
-3.6163690724712754e12
-3.523188461775298e12
-2.8706967082173677e12
-1.7320387916100032e12
-2.6096821446185553e11
1.328214781398647e12
2.791365873984822e12
3.8915270623959243e12
4.436741726123032e12
4.3126994176315776e12
3.5047696775999487e12
2.1053901286994116e12
3.048934529455673e11
-1.6336106923476138e12
-3.4121215003994097e12
-4.743038482315378e12
-5.3950547890418545e12
-5.232416394763818e12
-4.241007074253396e12
-2.5364878507031514e12
-3.5233217505276337e11
1.9913200378548264e12
4.133982672526977e12
5.72971574576665e12
6.50231636858717e12
6.292097259407811e12
5.086465305221602e12
3.028714434017844e12
4.026367363329208e11
-2.4057275522647983e12
-4.964202883680351e12
-6.860402631083054e12
-7.767497809662354e12
-7.499440740283209e12
-6.046458280697632e12
-3.584341570286273e12
-4.5491615520068115e11
2.8804835269456343e12
5.908366624234687e12
8.1415402847522705e12
9.196770661396893e12
8.859374113077652e12
7.124006840417322e12
4.2042280613602397e12
5.08030989412102e11
-3.418209597348579e12
-6.969840279328911e12
-9.57644766708869e12
-1.0792727883175893e13
-1.037333563371762e13
-8.319293116183743e12
-4.88752958947861e12
-5.606016825742468e11
4.02019557178582e12
8.149223892190431e12
1.1164615760785324e13
1.2553631536961547e13
1.2038592433263668e13
9.629152477503389e12
5.63143945017816e12
6.11032385194442e11
-4.686103291840766e12
-9.44383584069753e12
-1.2901059085252316e13
-1.447273547414316e13
-1.3847639848481314e13
-1.1046639213754582e13
-6.43098068473103e12
-6.575514433618856e11
5.413696118643246e12
1.0847266226618043e13
1.4775772175496816e13
1.653773524084933e13
1.5787730877110715e13
1.2560703487554691e13
7.278870075679306e12
6.982686905335259e11
-6.198614301589801e12
-1.2349036477303629e13
-1.6773339906312834e13
-1.8730397826282113e13
-1.7840583938330176e13
-1.4156015866818863e13
-8.165472950137422e12
-7.312484315654224e11
7.034216894323639e12
1.3934401807872566e13
1.887274827460624e13
2.1026420375150047e13
1.998231289870573e13
1.5812971589363193e13
9.07886455729973e12
7.545956595701348e11
-7.911509789531142e12
-1.5584329443915176e13
-2.1047436128728527e13
-2.3395559259721465e13
-2.218361517397555e13
-1.7507899540078348e13
-1.000500897373891e13
-7.665517057977079e11
8.819176703373877e12
1.7275678733616895e13
2.3265618291467793e13
2.5802058987035043e13
2.441024175280197e13
1.9213490900180668e13
1.0928060222752059e13
7.655943159520538e11
-9.743725538417682e12
-1.8981599619681773e13
-2.549089685544168e13
-2.820539472257732e13
-2.662375769442063e13
-2.0899450020845734e13
-1.1830782910358283e13
-7.505362018013397e11
1.0669756630052922e13
2.0672153817036176e13
2.7683160801872266e13
3.056132356564572e13
2.8782583880132004e13
2.2533356015959348e13
1.269508166139037e13
7.206155524695284e11
-1.158035223429807e13
-2.2315149152946816e13
-2.9799755524773914e13
-3.2823219304513168e13
-3.0843291727045527e13
-2.4081708831558758e13
-1.3502620575694262e13
-6.755718983493823e11
1.2457578692195596e13
2.387716281499044e13
3.179688464178418e13
3.4943644692345016e13
3.276210362310526e13
2.5511119265433445e13
1.4235506469813607e13
6.157011570704648e11
-1.3283084575897637e13
-2.532471483545437e13
-3.3631188139597867e13
-3.6876095970009305e13
-3.449653456238413e13
-2.6789589776400484e13
-1.4877003479157105e13
-5.41884662848862e11
1.4038770428072674e13
2.6625540213320957e13
3.5261424993838734e13
3.857683809448337e13
3.6007096378882305e13
2.788782308684082e13
1.5412242262093312e13
4.555884427412867e11
-1.4707499111753768e13
-2.7749897798458656e13
-3.66501763865499e13
-4.000673744496635e13
-3.725897645546906e13
-2.878048952578464e13
-1.5828885037475354e13
-3.5883085907695355e11
1.5273810908474418e13
2.867184744778464e13
3.776547874266756e13
4.113299290372677e13
3.822359886646487e13
2.9447382490911484e13
1.6117708287913324e13
2.5411884556491916e11
-1.5724604843963543e13
-2.9370424760080383e13
-3.858229486484131e13
-4.19306669339175e13
-3.887997820565102e13
-2.9874394675836582e13
-1.627306824350944e13
-1.4435515220021182e11
1.6049747620877545e13
2.983064530640889e13
3.908373682758245e13
4.238392584974286e13
3.921578494796023e13
3.0054255755538246e13
1.6293220063455777e13
3.2721093611238014e10
-1.6242574125889299e13
-3.0044277694437242e13
-3.9261965823867984e13
-4.248691255639943e13
-3.922805564002295e13
-2.9986984572841844e13
-1.6180469571954734e13
7.745891578418942e10
1.63002486521174e13
3.001033661738827e13
3.911871112943198e13
4.224419471784244e13
3.892350054415487e13
2.9680024667368715e13
1.5941145906415479e13
-1.8286341662222772e11
-1.622396340804997e13
-2.973526243401466e13
-3.8665371570833805e13
-4.167075518485245e13
-3.831838417367116e13
-2.9148050076912445e13
-1.5585393790102725e13
2.803221518438327e11
1.6018960040990355e13
2.9232771681592336e13
3.792268678993003e13
4.07915178150051e13
3.743797875644143e13
2.841244736812821e13
1.5126794570817033e13
-3.669579620632172e11
-1.5694370105581973e13
-2.8523381906387355e13
-3.691999040343539e13
-3.964042857573531e13
-3.63156152136659e13
-2.750049840356898e13
-1.4581834901525334e13
4.403142680618838e11
1.5262880889210547e13
2.76336328910031e13
3.5694081024039016e13
3.8259137070639164e13
3.4991378945970266e13
2.6444305081729832e13
1.3969250287698604e13
-4.9846113541422974e11
-1.4740242987317236e13
-2.6595043404528965e13
-3.428776832382645e13
-3.669534557485217e13
-3.3510516989331875e13
-2.527951104692941e13
-1.3309277140602367e13
5.400744364861774e11
1.4144644786182342e13
2.5442856818170793e13
3.2748168444994703e13
3.5000909854426594e13
3.1921637695449082e13
2.4043885301316066e13
1.2622851092810357e13
-5.644844631293462e11
-1.3495985969410682e13
-2.421463941683529e13
-3.112483506008376e13
-3.3229787481200227e13
-3.0274793204629754e13
-2.277583826274987e13
-1.1930790996419021e13
5.71692332700098e11
1.2815086904033195e13
2.2948801446843984e13
2.9467818689085035e13
3.143593456377945e13
2.8619538301798945e13
2.151294197795922e13
1.125300728630246e13
-5.623545026121053e11
-1.2122873073949111e13
-2.1683112699260473e13
-2.7825747418652133e13
-2.9671250847291605e13
-2.7003056943686004e13
-2.0290523155402832e13
-1.0607770483579861e13
5.377375131272526e11
1.1439573611481555e13
2.0453281927073582e13
2.6244017318768094e13
2.7983666513473336e13
2.546844040182584e13
1.9140390962556863e13
1.0011070913132104e13
-4.996465941893569e11
-1.0783970621150785e13
-1.929166313227355e13
-2.4763171368626492e13
-2.6415452638989504e13
-2.4053189485962676e13
-1.8089751891657773e13
-9.476094678664566e12
4.5033292023194385e11
1.0172731735283523e13
1.8226142465473754e13
2.3417532602806617e13
2.5001822293968965e13
2.278799879838509e13
1.7160352311600678e13
9.01283407983618e12
-3.9238504141661017e11
-9.619852634158604e12
-1.7279248020562428e13
-2.2234141623894188e13
-2.376987194690954e13
-2.1695864595402574e13
-1.6367876491772637e13
-8.627843453077775e12
3.2861036693431683e11
9.136229598177322e12
1.6467512081683084e13
2.1232031763462305e13
2.2737894430196035e13
2.0791540726092832e13
1.5721614746540086e13
8.324144299086639e12
-2.6191256628059253e11
-8.729375026787618e12
-1.5801102241929277e13
-2.042185808115041e13
-2.1915076330638543e13
-2.0081350272033445e13
-1.5224403624338635e13
-8.1012768706245625e12
1.9517045162408426e11
8.403281702053417e12
1.5283724998957068e13
1.980587997275004e13
2.1301575220948824e13
1.9563344720729652e13
1.4872828311092312e13
7.955489384714104e12
-1.311233832777445e11
-8.158434760015827e12
-1.4912793522760355e13
-1.937828210294412e13
-2.0888956326941734e13
-1.9227788347407363e13
-1.4657667024173188e13
-7.88005085352538e12
7.226757463769284e10
7.991964134142113e12
1.4679840697408582e13
1.912580516002569e13
2.0660954487010527e13
1.90579333245739e13
1.4564548377554945e13
7.865669282120655e12
-2.076692592511286e10
-7.89792483390547e12
-1.4571149517791434e13
-1.90286468291817e13
-2.05945158628645e13
-1.903104112434762e13
-1.4574785617769357e13
-7.900993688774926e12
-2.1618765660785492e10
7.867687919943823e12
1.4568565605038287e13
1.906158453001011e13
2.0661064915231336e13
1.911959810156925e13
1.4666346300100543e13
7.97317606414368e12
5.358616012957817e10
-7.890421478237714e12
-1.4650451035205463e13
-1.9195264899719582e13
-2.0827935688109152e13
-1.929266775392467e13
-1.48149123906599e13
-8.068467987909058e12
-7.432001715587666e10
7.953638286344161e12
1.4792734854356229e13
1.9397600717118125e13
2.105990243547296e13
1.9517319031894145e13
1.4994983928031973e13
8.172826157026461e12
8.350362819566916e10
-8.043785197294349e12
-1.4970013565101775e13
-1.9635213936440023e13
-2.132074305767628e13
-1.9760069202310742e13
-1.5180979249667191e13
-8.272501546358314e12
-8.130831505031947e10
8.146848533694051e12
1.515665450580679e13
1.987486372547372e13
2.157476968423703e13
1.998828115027455e13
1.5348286381101535e13
8.354588319899428e12
6.836304562809437e10
-8.248949984641322e12
-1.532785640192338e13
-2.0084800875870098e13
-2.178826403955755e13
-2.017145862679714e13
-1.5474223489902988e13
-8.407510928130788e12
-4.570598181651397e10
8.336908633352712e12
1.5460624441511174e13
2.023599465479924e13
2.1930760925978855e13
2.028238877225813e13
1.5538871276754309e13
8.421431026494947e12
1.4720507892957167e10
-8.3987468084511455e12
-1.5534621975999748e13
-2.030318502524508e13
-2.197613115631076e13
-2.029808915650259e13
-1.552574670598831e13
-8.388559850719677e12
2.294104312346099e10
8.424120418133533e12
1.553286727558262e13
2.0265722017353766e13
2.1903425361623043e13
2.0200526356627586e13
1.5422295370822656e13
8.303366350388818e12
-6.544218721995112e10
-8.404658225518342e12
-1.5442251493022037e13
-2.010816460481058e13
-2.16974519483099e13
-1.9977084392474246e13
-1.522018874271856e13
-8.162676515982583e12
1.108514297047304e11
8.334199033500345e12
1.5253862822882658e13
1.9820623308938566e13
2.1349075588460902e13
1.9620773666619402e13
1.4915422161427404e13
7.965664683550107e12
-1.5723136577513757e11
-8.208920786218826e12
-1.49631113905454e13
-1.939884336351885e13
-2.0855236363727535e13
-1.91301837927933e13
-1.4508219183257727e13
-7.71374287009947e12
2.027233962790309e11
8.027360921095897e12
1.4569659178285422e13
1.884403795787407e13
2.0218703299480094e13
1.8509196136088434e13
1.40027572625869e13
7.410359066517549e12
-2.4562400698117798e11
-7.790332632919976e12
-1.407716874200565e13
-1.8162493101167074e13
-1.944758872173323e13
-1.7766483285820832e13
-1.3406738125312883e13
-7.06071958679331e12
2.8444910462078375e11
7.500746726248063e12
1.3492893020459791e13
1.736497627900018e13
1.8554660856416645e13
1.6914832323696316e13
1.2730833072553262e13
6.671453773695666e12
-3.1798367150439954e11
-7.163353122016806e12
-1.282713564983773e13
-1.6465989630450602e13
-1.7556500670458744e13
-1.597033602202457e13
-1.198803839047996e13
-6.250241389532922e12
3.453149408795525e11
6.784419566929856e12
1.2092616417433615e13
1.54829143180254e13
1.6472554588282383e13
1.4951500558370328e13
1.119297873846957e13
5.80542376121607e12
-3.6584833880587524e11
-6.371367448101118e12
-1.130377949834711e13
-1.4435095741664799e13
-1.5324137084122432e13
-1.3878319724496482e13
-1.0361196713612666e13
-5.345619187213684e12
3.7930650386086127e11
5.932385701422081e12
1.0476082765770906e13
1.3342919135017719e13
1.4133436180460334e13
1.2771363936468129e13
9.508464801238885e12
4.879361338138546e12
-3.857127007526565e11
-5.476043579723551e12
-9.625304779393936e12
-1.2226921992873072e13
-1.2922570766497523e13
-1.1650927855590408e13
-8.650151853837711e12
-4.414776573733171e12
3.85360810701141e11
5.0109215780373955e12
8.766902250181007e12
1.1106984057821592e13
1.1712741819438113e13
1.053627355675031e13
7.800670485478483e12
3.959312512816662e12
-3.7877474748201215e11
-4.545277257010829e12
-7.915445225269578e12
-1.0001627780887475e13
-1.0523510693269963e13
-9.444997550038605e12
-6.973024831387977e12
-3.5195261333742197e12
3.666605710410936e11
4.0867593003306934e12
7.0841504270269795e12
8.927452943080002e12
9.372227395264926e12
8.392540297007041e12
6.178470573336457e12
3.100935470296067e12
-3.498547319505575e11
-3.6421791821265444e12
-6.284525680522815e12
-7.898719232525321e12
-8.27362101807568e12
-7.39184692365185e12
-5.426291551375032e12
-2.7079349293098984e12
3.2927178591822894e11
3.2173456261837324e12
5.526130755914786e12
6.927080765439698e12
7.239554034803858e12
6.453178342213677e12
4.723690208879144e12
2.3437706196683267e12
-3.0585459640904926e11
-2.8169629266159463e12
-4.81645278274782e12
-6.021467502610716e12
-6.278932706615015e12
-5.584063580310991e12
-4.0757830011788867e12
-2.0105691376074617e12
2.805295416671568e11
2.4445904535127295e12
4.160888126110121e12
5.188100807897068e12
5.397757963443676e12
4.789377261345189e12
3.4856870687484424e12
1.709411046421046e12
-2.5416861807819363e11
-2.1026575158189949e12
-3.5628175978698223e12
-4.430624422092469e12
-4.599295182383676e12
-4.071521193458473e12
-2.9546811271972715e12
-1.4404389583242761e12
2.2755964799733545e11
1.7925253558660667e12
3.0237583219800146e12
3.750328104200626e12
3.8843374925952485e12
3.4306860316709946e12
2.4824217115122866e12
1.2029896142395188e12
-2.0138511820219943e11
-1.5145864865262217e12
-2.5435735528179224e12
-3.146439162250654e12
-3.2515355752247896e12
-2.865167931923973e12
-2.067195556360022e12
-9.957396021949679e11
1.7620954872563004e11
1.2683908579365327e12
2.1207212011784626e12
2.616456934136715e12
2.697767228821266e12
2.3717158215768267e12
1.7061898174338997e12
8.168552258195747e11
-1.5247476301891855e11
-1.0527883937327415e12
-1.7525225861034827e12
-2.156506731272567e12
-2.2185219304543613e12
-1.9458870619380715e12
-1.395763784821382e12
-6.641383731626698e11
1.3050202674709184e11
8.660781511329528e11
1.4354347546509817e12
1.761692478645382e12
1.8082788488487954e12
1.582392499178108e12
1.1317084097504565e12
5.35161871709162e11
-1.1049975678845377e11
-7.061555836869829e11
-1.165312301378479e12
-1.426430880699489e12
-1.460860827009356e12
-1.2754157888298372e12
-9.094830522732424e11
-4.2738958129272253e11
9.257537288154018e10
5.70650951381203e11
9.376476659085822e11
1.1447540135558647e12
1.1697513203246543e12
1.0188960472522766e12
7.244220692321729e11
3.382782239809882e11
-7.67498589811676e10
-4.5705366153207135e11
-7.477820963845083e11
-9.105714197831786e11
-9.283657644058215e11
-8.067669864983065e11
-5.719069493026674e11
-2.6535955812785654e11
6.297369834505152e10
3.628190816741726e11
5.910825826325718e11
7.178867480723776e11
7.3027303406405e11
6.331494490119512e11
4.475024699981413e11
2.0630288522387888e11
-5.114301927975216e10
-2.854560142253044e11
-4.630828824941347e11
-5.609674960161029e11
-5.693663024579846e11
-4.924974759154093e11
-3.470576668171728e11
-1.589589800714821e11
4.11150093310991e10
2.22594465943854e11
3.5958914623398615e11
4.3446931972554816e11
4.3998556675787036e11
3.797005985454497e11
2.6677419514337317e11
1.2138733676820592e11
-3.2721897791324623e10
-1.7203452139410236e11
-2.767525070785575e11
-3.335185881487209e11
-3.36996306480598e11
-2.901468937811746e11
-2.0324591438629736e11
-9.186913217906905e10
2.578304657638911e10
1.3177801018849132e11
2.1111232711001508e11
2.537583717797158e11
2.5583018830271967e11
2.1975250965629953e11
1.5347425995051013e11
6.890855342999014e10
-2.0114909610359703e10
-1.0004524297228282e11
-1.596145902286561e11
-1.9136391072053094e11
-1.9249448903302695e11
-1.64963917484576e11
-1.148642541013343e11
-5.122515905535038e10
1.5538808289370466e10
7.527940411927585e10
1.1961027603314497e11
1.430338922140346e11
1.4355707837342145e11
1.2273918121123395e11
8.520592460914081e10
3.773979477905711e10
-1.1886618365465567e10
-5.614126905520481e10
-8.883851106467633e10
-1.0596369367366292e11
-1.0611350907380406e11
-9.051417142015694e10
-6.264554225800772e10
-2.755631596412694e10
9.00456963292313e9
4.149680927607268e10
6.539896831315118e10
7.780623428256973e10
7.774213466176572e10
6.615901067779257e10
4.5650546183547455e10
1.9941027763134457e10
-6.755426039912653e9
-3.0400009679940735e10
-4.771746402507761e10
-5.6625344003058716e10
-5.6452338765295425e10
-4.792923104694019e10
-3.297138261841217e10
-1.4301382690721048e10
5.019345074808394e9
2.2072899923295025e10
3.450806715902776e10
4.084570893190132e10
4.063002492047223e10
3.44152506440484e10
2.360280789516075e10
1.0165107111888292e10
-3.6937180015048847e9
-1.5884437601047384e10
-2.473436316951351e10
-2.920257415169326e10
-2.8983571118414715e10
-2.449291143784911e10
-1.674655478285062e10
-7.160587408184885e9
2.6922739503797636e9
1.1329511687034178e10
1.7571856624496006e10
2.0693546780012432e10
2.0492566107503895e10
1.7277021533580116e10
1.1776670652534018e10
4.999049122837628e9
-1.9436980891191947e9
-8.008986576737127e9
-1.2372896838864285e10
-1.4534089253922262e10
-1.4360859384612738e10
-1.2079148312168646e10
-8.208329873615111e9
-3.458816370927244e9
1.3899734425748029e9
5.611398229354006e9
8.63499244601111e9
1.011765341051058e10
9.97479876061337e9
8.370332719669961e9
5.670511757715722e9
2.3717462430277333e9
-9.846126437561289e8
-3.8966544291072288e9
-5.972956736651671e9
-6.980890959775287e9
-6.8670068069561205e9
-5.748944170810849e9
-3.8826197394340363e9
-1.611791262049955e9
6.909039557779257e8
2.681884660875324e9
4.094997325992798e9
4.773984322744601e9
4.685656322501244e9
3.9135637908312626e9
2.6348905371008496e9
1.0855465673246548e9
-4.8025802687684387e8
-1.8294301266472123e9
-2.7826253197925944e9
-3.235863535828389e9
-3.1689325822934365e9
-2.6405579013725533e9
-1.7722924287821832e9
-7.245801106827874e8
3.307096157987847e8
1.2368561903699787e9
1.8740997826697419e9
2.173894590273727e9
2.1241989065769348e9
1.7658667155165026e9
1.181525883261213e9
4.793158917709481e8
-2.2560260547350058e8
-8.288011778025745e8
-1.2510295478050816e9
-1.4475242192938502e9
-1.4112923024044425e9
-1.1704667766117797e9
-7.807034884784179e8
-3.142345061179137e8
1.5246695316859624e8
5.504392636198384e8
8.277121221290153e8
9.553274767735283e8
9.293480111930207e8